82
45
77
47
118
90
176
16
99
17
64
10
2
29
27
19
57
89
26
53
13
23
10
47
147
71
45
78
16
66
227
97
90
20
87
61
45
32
56
50
83
47
95
53
13
82
14
45
102
45
59
21
34
71
98
34
90
26
88
37
82
57
27
81
5
61
98
37
64
55
60
20
122
86
159
5
26
60
183
80
50
29
39
18
53
11
76
98
77
20
70
43
85
9
34
60
58
51
23
41
42
65
83
20
53
72
128
93
61
7
5
14
88
92
69
11
50
25
93
18
38
32
51
19
78
57
16
57
44
32
77
28
140
26
65
37
58
21
32
42
168
3
80
59
60
8
105
95
70
34
58
19
115
42
207
22
37
100
93
26
205
19
161
21
62
58
22
37
8
54
88
33
6
25
240
69
15
96
19
69
73
66
57
50
29
97
180
55
4
54
2
57
2
99
28
48
179
82
13
48
18
56
231
28
85
50
70
66
29
24
51
34
81
12
28
30
40
26
7
3
23
43
90
28
3
53
42
52
23
52
21
43
105
60
90
84
24
57
232
42
1
17
13
92
56
9
17
39
48
26
12
18
170
70
170
11
80
56
27
96
61
79
75
24
136
43
26
83
141
32
72
91
26
29
31
10
97
34
189
54
88
51
229
34
232
77
65
8
43
8
62
2
71
66
12
10
18
37
13
5
158
67
175
48
53
36
179
8
51
12
50
60
89
70
79
3
56
23
146
56
170
2
98
27
68
30
46
91
40
11
54
25
17
38
25
49
80
53
31
59
188
9
171
12
30
97
57
21
154
19
118
72
95
16
29
47
101
54
86
68
148
29
54
5
35
84
82
5
12
19
86
59
18
30
16
96
3
23
67
33
93
48
29
59
102
5
87
29
54
45
79
4
20
22
139
63
65
100
63
87
25
48
25
5
29
79
43
35
69
11
34
28
49
50
56
16
55
83
60
78
4
96
56
36
35
4
36
55
59
69
83
59
210
22
47
32
29
32
22
42
224
67
39
1
214
44
37
84
79
14
21
22
73
52
8
73
167
36
21
35
44
51
33
95
72
52
78
13
10
81
18
46
95
8
3
7
98
54
46
10
38
43
12
41
27
76
12
90
141
32
63
22
54
4
12
37
13
5
13
60
77
7
242
25
22
85
63
56
77
15
52
1
94
38
38
29
1
58
240
14
33
46
90
32
82
69
91
4
60
45
55
10
54
51
33
44
11
97
30
73
33
55
224
89
23
55
57
24
54
43
89
16
33
63
88
52
55
40
9
14
37
40
15
19
244
57
235
88
45
50
37
14
79
41
48
4
79
13
63
9
38
59
38
46
134
14
98
3
159
100
73
34
12
81
9
58
87
11
41
61
28
4
201
12
146
48
76
43
178
4
170
52
6
6
3
15
50
10
52
22
205
11
43
25
239
45
171
77
5
45
55
55
91
11
65
58
86
32
39
99
65
60
205
7
127
59
202
19
94
17
42
49
125
31
27
47
105
53
13
48
63
9
74
89
23
32
152
2
77
11
51
84
81
60
109
66
99
9
73
81
89
37
78
2
45
39
88
9
88
2
60
9
78
79
97
29
197
23
106
45
50
15
72
21
85
51
59
8
43
53
73
8
144
39
43
2
144
35
87
32
10
26
52
42
34
36
138
25
73
7
6
29
63
22
142
13
212
40
4
49
50
27
39
57
165
49
46
19
35
10
29
57
100
47
3
21
73
53
48
37
24
42
26
46
50
22
7
34
5
53
11
25
79
59
20
7
98
47
125
14
41
51
71
28
87
21
4
55
29
54
26
8
81
10
48
39
4
18
58
55
46
18
75
50
89
27
50
51
21
60
44
16
226
13
234
47
65
50
210
39
63
25
169
14
75
5
75
17
75
25
71
34
208
1
67
1
99
45
212
10
100
14
76
17
63
59
89
56
41
15
52
48
90
22
39
29
38
32
3
22
72
16
13
59
60
56
96
49
57
23
103
2
72
10
138
55
240
38
49
13
78
15
30
47
69
6
37
50
30
24
35
40
49
11
98
19
30
52
41
49
63
55
37
44
75
26
97
58
246
12
106
30
94
22
87
7
86
16
57
34
104
41
39
4
45
38
203
14
25
24
24
50
188
26
92
50
93
52
96
52
35
13
68
5
1
8
128
58
15
21
52
26
72
48
48
50
98
27
73
1
76
15
87
4
52
15
41
35
51
37
21
45
69
35
1
36
40
31
45
19
96
32
104
41
30
53
1
30
47
15
108
49
30
21
85
16
99
6
46
21
135
82
183
14
75
78
229
61
211
82
41
96
38
49
97
1
88
28
78
12
96
57
181
49
180
51
43
11
53
49
34
50
65
75
42
12
36
15
137
59
239
20
57
53
22
66
92
87
36
90
65
92
168
35
80
4
36
89
93
54
46
23
91
53
202
61
20
9
149
52
105
65
25
96
24
49
35
58
98
60
60
44
46
19
221
32
33
16
60
19
50
9
58
35
66
81
63
11
95
32
17
46
33
47
83
96
2
94
90
5
78
15
57
5
37
48
112
50
52
48
82
96
57
92
49
7
123
66
77
75
17
47
91
19
235
40
23
34
16
72
33
51
55
46
39
64
80
48
130
24
55
71
100
41
80
31
230
66
87
54
30
54
123
25
72
6
87
40
45
40
64
45
84
4
45
53
227
25
142
48
71
73
183
11
18
34
20
9
41
75
25
22
4
63
69
30
128
83
28
15
98
54
100
2
70
51
109
25
67
68
60
72
34
60
99
26
33
35
83
41
86
54
29
15
54
33
45
14
44
17
62
15
16
40
210
59
87
17
21
30
93
86
45
57
77
28
100
28
72
72
73
36
14
25
88
13
50
6
65
53
240
50
14
53
30
12
61
90
73
29
74
47
88
57
31
16
178
61
82
63
107
57
94
57
94
49
51
59
142
21
38
30
17
84
226
12
62
56
122
56
128
7
96
39
1
25
49
69
100
25
147
94
41
28
99
83
58
38
129
73
70
92
155
16
2
12
3
16
100
29
47
30
66
20
117
76
223
46
221
15
94
54
28
64
51
4
55
39
221
100
69
21
6
1
47
30
57
19
65
1
96
53
57
53
77
84
91
58
55
9
122
18
78
1
43
4
31
72
92
32
42
42
12
20
76
7
240
12
31
58
8
85
35
57
20
51
125
42
77
12
75
96
158
55
212
27
28
82
84
10
37
55
60
50
32
55
186
26
38
9
89
34
81
31
81
60
24
99
66
47
123
1
24
13
100
9
23
34
173
51
17
5
61
21
39
19
26
32
86
5
2
27
67
86
63
49
83
45
86
16
139
43
80
33
2
42
81
61
91
34
28
55
197
13
4
3
2
47
239
16
79
12
84
49
28
2
94
57
74
20
78
20
19
29
92
35
218
59
96
49
24
79
65
4
20
31
2
18
12
33
1
55
85
69
36
35
162
50
54
30
79
16
94
4
73
58
52
80
28
21
25
36
184
77
173
16
163
41
117
3
57
83
89
3
234
57
69
14
176
49
128
25
4
39
40
55
57
46
40
24
41
77
159
33
97
36
91
46
63
9
55
81
243
54
23
23
90
72
55
51
25
17
114
32
154
43
4
5
106
11
75
20
65
31
41
13
16
95
69
41
74
4
7
36
79
3
30
5
88
2
108
29
90
9
84
69
20
77
55
53
56
7
65
37
242
7
84
79
169
16
183
26
37
6
147
59
218
12
228
82
14
72
150
8
83
48
77
58
21
52
227
23
13
55
23
31
67
31
23
23
223
25
137
18
90
52
43
81
64
23
61
7
36
43
34
48
49
15
123
14
72
97
125
5
4
50
76
2
42
46
181
46
19
32
10
81
27
21
151
72
67
46
38
22
59
62
3
39
59
43
222
29
231
40
72
26
66
21
24
59
68
21
93
84
197
35
28
11
101
36
60
66
60
22
64
48
44
34
18
40
22
43
82
49
52
16
54
46
61
34
59
75
164
4
136
45
42
25
225
21
25
5
38
25
64
100
87
27
67
38
71
5
77
23
7
3
12
1
64
49
49
26
85
52
20
44
226
46
23
25
10
21
35
9
79
60
96
15
85
3
37
58
58
71
49
41
35
29
192
20
88
48
64
48
13
7
165
3
65
25
56
2
172
8
68
6
28
52
76
60
32
48
37
6
100
39
41
17
150
10
36
41
26
1
86
13
51
41
80
3
207
7
58
50
34
20
34
50
14
3
26
12
86
13
32
38
44
56
57
40
7
23
55
34
79
5
58
43
73
41
37
57
3
16
13
56
152
18
205
46
48
19
92
8
111
10
25
50
96
13
97
47
56
3
79
6
197
46
15
42
82
15
150
12
16
44
21
60
28
42
50
51
87
26
79
58
91
31
29
41
125
26
29
20
31
23
61
26
192
14
9
11
96
41
117
16
48
21
60
10
4
57
94
5
75
45
12
22
211
12
14
15
68
4
8
54
106
52
100
33
22
10
197
3
34
17
171
35
26
53
55
41
68
23
196
13
94
18
89
13
119
38
28
5
39
30
58
17
38
53
89
49
4
54
35
44
128
54
32
34
17
59
6
5
222
26
30
56
216
68
205
71
61
12
85
3
3
3
121
98
95
64
201
53
38
46
76
19
9
51
103
6
96
98
26
96
70
18
15
15
91
57
9
51
105
31
74
76
206
17
186
19
62
6
73
28
176
66
225
59
151
40
28
93
129
1
185
20
181
47
16
78
93
7
91
27
14
50
108
20
62
25
30
57
52
44
85
31
12
54
45
12
59
61
92
43
27
21
220
49
18
6
42
92
82
27
84
27
28
35
63
35
91
96
39
11
85
59
29
28
38
20
52
9
74
5
36
47
4
24
83
80
70
47
75
4
141
10
231
45
1
47
35
44
192
5
33
57
107
41
209
86
187
67
125
42
176
24
203
45
35
100
154
82
24
31
57
31
4
96
51
29
82
43
52
4
97
91
69
20
218
46
61
74
111
78
10
9
10
57
3
29
86
37
240
97
45
43
189
47
42
54
94
24
34
80
2
25
42
45
40
11
47
34
11
5
47
18
48
39
84
5
60
53
90
55
76
39
173
9
95
23
218
7
78
54
89
1
41
47
47
62
84
60
98
44
200
54
22
14
5
55
7
98
92
92
210
36
19
38
35
54
72
69
40
2
94
76
44
16
20
39
1
42
232
58
88
57
10
12
13
22
54
97
98
79
22
30
6
51
45
75
26
34
95
81
85
9
100
46
186
39
104
5
46
30
83
44
80
86
36
38
75
39
26
59
74
59
12
58
73
18
29
24
85
6
219
13
72
30
57
5
79
67
75
60
10
32
7
7
57
57
76
78
76
76
194
30
90
90
65
41
75
55
166
83
21
20
25
59
238
35
49
78
72
48
40
47
157
1
126
29
246
96
3
37
206
19
203
48
72
32
100
65
54
43
100
56
69
78
20
25
64
37
31
25
52
7
73
39
30
63
15
27
26
65
73
17
50
33
86
2
87
67
85
37
67
2
74
12
42
1
147
27
4
39
62
68
93
18
74
55
6
35
47
35
73
37
33
3
54
40
74
9
98
56
23
73
70
23
45
97
88
54
31
55
45
27
217
50
195
49
193
40
118
38
155
51
147
56
123
98
50
43
25
3
100
56
19
1
36
36
83
21
76
17
91
100
10
55
30
51
1
43
63
69
25
33
56
4
80
58
156
23
46
40
241
95
208
6
12
44
79
33
95
50
64
37
96
38
108
24
81
50
77
93
77
47
62
1
99
35
71
92
126
45
36
84
39
25
74
28
92
41
73
34
67
88
61
17
45
11
73
75
20
31
30
18
39
31
3
45
74
22
79
24
5
65
55
32
1
48
3
92
52
40
94
17
18
4
30
34
19
28
126
69
2
68
125
10
101
38
4
48
100
40
124
59
82
52
30
12
36
10
39
54
35
47
9
53
29
37
46
18
65
3
82
4
47
23
26
46
199
58
17
42
72
56
150
53
38
83
99
32
9
54
74
57
165
3
12
11
93
32
233
45
82
47
20
30
87
27
215
30
181
32
71
24
34
4
14
37
94
17
90
50
35
50
68
30
192
20
54
64
69
50
6
1
66
1
231
23
7
47
113
17
83
54
97
56
141
25
4
54
62
4
44
33
135
96
45
4
165
36
10
23
70
25
2
9
88
7
64
38
69
17
13
52
114
71
82
49
231
21
73
25
81
36
79
33
58
27
116
15
163
21
7
28
42
51
57
18
90
15
79
19
5
57
158
36
97
57
78
11
60
10
28
30
54
1
3
23
47
16
43
48
34
37
88
24
46
83
75
17
18
47
50
33
75
54
100
52
63
16
39
39
42
27
151
17
47
25
30
24
80
47
45
5
61
16
11
22
88
28
170
53
8
48
73
59
99
54
26
15
8
37
88
60
98
36
66
19
3
49
90
85
68
38
10
99
88
87
227
3
153
30
126
37
118
55
93
24
64
1
55
11
121
32
189
6
84
52
36
35
13
8
6
16
15
4
190
23
71
49
247
13
76
1
12
15
45
24
67
11
95
56
17
23
47
13
82
50
134
35
60
66
23
55
30
58
186
50
14
53
82
19
52
33
21
55
75
37
71
52
81
18
65
57
18
37
18
26
93
15
21
10
74
57
72
39
110
40
40
16
35
6
49
44
23
28
25
32
194
18
97
49
91
24
39
46
49
21
43
30
77
52
43
54
72
20
58
39
154
36
2
16
113
8
77
49
33
1
10
41
8
10
69
8
7
9
92
14
85
29
174
47
54
56
79
16
65
7
65
17
91
26
40
38
181
55
158
28
30
57
98
15
179
27
81
40
21
93
68
52
35
13
197
18
89
53
11
8
12
12
114
29
217
32
192
10
105
71
67
76
11
87
16
55
39
14
16
95
51
41
67
81
78
5
68
28
4
95
57
30
70
51
189
31
49
12
126
22
9
87
20
50
87
8
218
2
29
64
98
52
244
79
83
50
37
70
93
55
94
92
74
15
39
88
2
47
107
18
73
73
96
49
1
76
25
41
59
17
3
13
83
27
30
53
88
38
15
86
71
42
8
95
72
99
14
39
204
85
103
54
31
57
72
58
117
8
71
58
50
30
41
56
53
58
22
47
106
62
28
51
83
35
17
34
73
21
120
8
144
52
233
26
93
34
23
93
188
88
243
46
5
18
67
52
71
9
48
23
242
82
66
81
99
51
62
75
47
9
76
53
41
70
46
88
40
2
28
93
86
15
30
45
10
1
227
56
71
6
49
34
123
28
73
40
208
69
53
22
43
5
62
22
230
43
88
97
55
85
79
83
15
16
54
84
14
14
20
28
49
81
238
49
41
6
96
57
94
55
6
16
94
32
177
100
13
35
209
77
65
48
51
2
9
3
83
92
21
22
31
58
81
22
82
4
66
14
7
61
52
49
86
59
40
70
94
72
88
88
43
62
42
19
57
23
76
37
196
18
80
78
43
21
6
33
39
13
95
22
74
76
77
42
1
36
84
2
4
12
128
17
49
13
147
44
158
50
228
37
19
98
232
46
78
75
230
10
151
38
9
58
12
16
51
59
92
82
41
23
80
96
26
8
116
30
228
50
18
66
8
25
14
39
3
12
45
64
56
1
80
48
94
25
137
65
4
27
98
87
87
50
125
6
83
65
189
2
13
13
77
32
165
22
9
35
10
10
58
42
85
18
246
63
160
57
144
100
4
59
186
46
123
42
67
38
192
22
89
89
78
65
59
76
1
72
45
68
20
57
55
46
67
36
24
74
133
23
10
57
52
76
77
5
57
40
85
89
84
23
48
27
84
29
230
22
3
8
53
12
246
17
19
19
33
28
36
31
221
38
29
55
45
36
7
93
65
32
102
42
137
87
4
32
15
18
192
33
39
16
219
28
95
55
76
59
36
22
55
2
132
41
110
58
95
6
150
72
159
46
54
81
64
53
36
38
86
78
227
30
87
4
69
44
62
8
22
90
58
55
87
53
207
61
38
27
245
16
79
34
5
38
232
17
75
55
83
87
70
38
74
37
189
86
157
30
168
25
13
15
39
3
19
53
160
99
98
7
85
9
87
45
172
52
94
61
1
1
162
12
5
7
16
47
178
22
49
19
50
10
75
98
15
92
26
38
52
1
46
52
234
14
205
85
48
58
100
1
197
1
88
40
77
37
82
38
204
26
196
57
63
14
28
24
92
30
50
58
16
56
40
39
36
52
1
99
58
32
76
26
71
38
74
2
125
46
146
30
89
53
226
59
33
22
237
36
55
15
16
49
35
18
58
95
100
21
188
63
98
3
170
13
31
42
133
14
45
60
66
18
1
40
42
30
83
27
170
87
54
19
81
34
105
10
20
32
99
24
101
1
75
58
23
37
93
35
87
22
47
48
93
51
18
90
36
33
75
23
113
18
38
13
115
37
82
3
77
57
19
11
46
49
55
42
162
84
239
35
30
8
122
28
61
19
83
60
143
28
192
33
54
60
39
35
29
10
23
19
4
59
68
1
62
55
81
52
94
5
28
38
147
59
198
61
35
24
56
48
65
13
191
44
60
6
245
42
27
12
50
62
59
60
34
14
23
96
148
42
89
27
41
15
32
8
22
31
23
21
87
40
83
43
192
21
12
40
57
22
74
49
95
14
26
28
241
89
83
10
62
51
125
72
97
55
74
23
194
1
89
20
97
25
53
35
9
42
26
10
38
37
102
39
100
37
92
27
98
50
143
50
70
23
109
34
79
56
9
34
64
31
65
58
94
1
193
52
88
56
234
52
70
20
225
39
202
98
196
45
163
32
3
41
20
5
21
56
175
15
67
8
100
25
75
46
107
25
5
9
88
6
39
32
46
7
39
1
199
50
116
60
111
8
65
50
56
30
35
10
173
8
129
9
80
5
191
7
113
23
28
45
13
27
54
10
23
57
3
1
81
3
22
46
229
6
38
65
55
5
68
49
128
41
19
58
21
31
68
60
136
11
41
17
135
18
31
52
41
5
112
29
31
29
13
10
220
22
63
45
1
28
69
31
246
58
39
47
14
47
65
26
41
31
9
41
23
57
73
15
245
83
54
50
40
1
235
86
66
15
169
25
36
33
79
15
61
71
73
52
178
48
28
5
12
64
100
20
241
29
36
76
62
39
86
10
71
13
107
8
7
37
33
39
22
27
8
75
62
57
51
93
41
32
77
55
10
94
65
37
142
100
73
13
139
87
74
78
88
33
64
72
65
88
128
53
52
23
2
85
22
57
180
16
27
20
109
79
10
100
58
58
25
64
80
19
91
43
67
7
52
39
6
53
86
46
55
28
59
98
18
71
58
41
154
15
49
8
5
74
4
36
50
53
151
23
61
29
192
28
198
13
93
21
157
1
173
50
5
57
48
39
79
60
183
95
127
33
71
14
210
20
70
14
14
49
50
31
65
75
8
50
226
65
85
22
232
93
82
51
88
69
100
55
61
52
248
19
22
33
57
55
191
11
96
51
45
17
104
10
27
48
140
57
48
28
79
23
79
43
9
11
49
99
91
60
19
58
27
18
161
15
81
43
52
5
182
40
43
56
200
33
224
70
19
45
72
64
3
48
11
36
34
39
139
31
49
78
100
93
76
38
52
24
4
47
207
43
240
37
97
70
193
86
20
40
111
47
205
47
10
47
215
100
16
27
29
50
37
80
11
49
197
66
7
43
60
12
85
12
54
25
140
18
49
58
27
55
23
35
48
76
50
8
39
30
116
8
43
33
65
86
100
53
14
47
76
30
51
18
8
22
51
54
22
7
23
37
172
22
103
69
89
29
13
56
239
22
56
50
7
16
50
48
35
60
94
38
71
32
180
11
29
21
93
21
87
99
39
80
63
59
88
48
56
72
26
62
72
19
71
54
206
14
119
5
66
43
43
3
66
38
9
67
10
15
100
41
244
3
2
44
2
10
2
47
58
5
23
17
219
53
52
1
80
60
249
24
71
3
74
29
118
6
54
50
47
25
206
48
188
60
69
22
212
40
28
69
37
24
76
73
25
42
235
71
60
35
67
76
67
57
211
58
44
52
59
37
160
40
245
20
197
39
13
5
59
26
9
51
47
1
75
9
151
69
192
4
42
54
61
60
25
55
40
35
75
46
48
84
10
54
24
26
12
18
59
60
231
35
61
2
118
41
98
44
21
10
169
43
73
31
46
92
26
32
71
61
41
40
181
13
22
24
91
8
201
39
22
97
27
50
4
26
13
60
80
13
95
81
88
18
17
45
98
49
39
13
13
18
112
48
38
37
86
40
121
40
49
11
86
2
70
55
43
5
71
11
221
6
232
60
72
95
80
17
139
9
72
47
62
53
5
17
54
22
169
45
64
56
110
10
174
43
223
44
53
23
138
28
25
9
46
10
10
36
95
33
42
2
37
27
84
34
81
6
59
7
219
38
66
28
204
16
7
38
132
35
58
30
16
33
239
33
221
43
96
27
215
62
15
28
67
22
77
40
42
14
159
21
106
39
29
9
44
47
153
14
160
54
79
40
29
51
169
53
66
15
44
7
62
40
57
11
15
39
33
47
71
74
7
43
50
24
2
51
158
39
96
55
64
47
73
19
86
53
58
1
26
37
201
14
43
44
32
9
82
48
45
10
82
16
203
39
1
85
85
44
155
9
68
4
46
73
79
33
46
60
147
48
25
11
113
47
47
2
98
39
139
4
31
25
198
33
11
32
238
10
16
21
12
44
197
9
18
53
245
60
110
30
51
14
8
22
73
35
17
38
210
52
39
44
158
18
7
88
249
14
2
6
33
56
172
9
65
18
19
26
49
36
24
7
88
25
75
17
8
43
95
24
81
8
75
3
103
41
229
12
59
40
36
73
90
18
73
7
185
19
26
23
24
28
76
15
30
14
88
32
13
29
205
39
97
57
161
24
34
42
8
43
5
58
172
4
43
49
142
4
162
11
82
38
72
35
178
55
45
3
19
7
61
33
82
15
42
92
223
9
66
97
86
23
162
11
92
52
75
43
96
42
35
35
40
99
63
53
54
28
12
95
175
45
58
18
85
3
43
34
196
27
41
25
239
39
20
15
85
93
56
12
40
32
57
32
25
6
95
45
37
35
48
20
23
34
20
27
29
51
5
14
9
37
30
39
49
2
93
53
84
36
22
46
66
34
192
37
130
35
11
5
49
48
6
47
34
26
208
1
179
58
53
34
50
19
87
52
6
24
97
26
186
3
74
34
132
52
78
26
21
11
56
47
71
57
7
8
44
28
145
14
60
12
91
23
81
19
13
35
66
28
49
15
50
48
6
24
71
13
134
9
57
57
1
17
183
38
65
43
26
17
