49
9
23
60
98
50
104
66
14
45
208
29
66
50
63
14
55
13
17
34
67
9
99
31
85
38
117
13
44
95
71
24
195
13
62
88
33
52
26
13
91
62
1
57
51
15
10
29
69
2
47
16
22
26
75
4
9
14
143
56
85
58
225
7
45
70
47
9
88
17
59
46
13
59
30
83
246
38
138
27
68
57
71
46
61
21
64
35
78
20
246
42
106
32
60
2
23
58
99
50
168
1
18
38
7
35
17
74
87
31
18
26
12
30
4
51
31
39
173
21
17
41
13
4
172
29
206
6
38
56
41
17
78
43
17
4
13
30
39
34
66
6
33
31
190
3
38
5
3
62
78
62
16
49
72
47
64
71
5
50
94
31
56
92
204
29
62
37
149
40
80
59
45
10
78
56
24
53
86
33
96
17
54
34
214
54
141
90
33
42
58
83
90
97
29
13
54
17
4
58
36
12
91
44
16
13
105
10
55
36
14
58
91
28
13
48
90
27
68
19
72
9
10
28
71
42
40
41
28
34
66
54
81
40
1
51
98
19
208
59
81
83
48
11
43
56
37
26
55
36
238
37
15
98
50
54
97
1
47
39
86
83
201
18
8
12
8
55
195
64
36
6
68
54
53
39
43
61
176
37
166
71
19
17
54
67
105
42
61
18
96
8
90
37
18
13
48
27
27
48
100
70
65
45
5
22
9
5
27
34
81
88
25
77
29
44
68
76
56
23
61
11
73
3
9
71
40
55
41
39
75
2
74
84
70
51
76
25
97
46
23
50
28
53
80
16
97
56
83
40
5
50
61
50
44
45
130
55
84
62
76
88
20
26
199
53
171
4
88
2
24
58
63
53
212
25
9
50
239
8
63
69
6
42
50
53
74
48
35
39
68
21
3
68
87
59
28
67
90
55
83
22
51
31
205
58
87
39
57
23
4
11
91
8
13
65
13
40
90
33
13
4
38
69
75
31
13
13
57
19
1
58
40
42
43
49
111
10
96
6
197
47
81
92
174
57
15
34
71
60
70
29
72
36
43
43
89
28
69
37
129
63
243
56
55
1
1
32
42
30
61
8
47
20
100
73
79
13
25
17
57
49
77
2
71
5
55
15
68
22
207
3
8
65
81
19
137
59
47
6
100
73
78
39
72
48
12
50
67
33
15
26
5
7
7
39
41
34
67
59
12
25
81
41
83
84
38
2
136
44
73
16
56
74
42
48
36
52
84
86
33
50
79
23
11
39
86
19
97
13
223
82
120
59
66
3
65
3
44
17
24
34
20
25
53
27
37
2
44
7
96
20
51
47
97
46
3
22
35
23
152
25
76
33
122
46
30
47
52
39
62
20
19
51
210
43
190
78
47
7
126
53
21
20
18
7
67
52
83
39
81
37
100
33
41
90
94
18
81
12
95
58
89
56
47
47
23
10
29
29
92
54
96
54
43
43
77
56
168
71
37
40
101
29
94
39
176
61
83
40
68
14
74
9
57
53
98
60
5
41
63
87
63
38
188
12
2
23
61
3
218
3
220
81
76
82
182
92
114
48
45
18
40
21
38
22
88
39
57
21
19
40
57
56
95
55
39
15
16
45
96
53
77
2
72
89
79
20
47
22
55
36
244
21
208
8
85
56
38
53
17
33
5
42
4
33
180
46
156
30
67
8
109
57
79
52
23
5
59
39
132
24
45
13
206
57
30
54
27
56
231
34
167
56
8
11
12
42
46
56
38
9
75
49
38
5
169
21
62
1
167
64
61
59
67
10
51
25
233
24
76
43
216
31
21
41
50
48
72
44
218
12
77
72
120
31
9
49
91
32
111
37
166
13
208
31
87
56
49
81
48
33
89
44
87
49
77
52
38
56
74
27
35
21
36
14
215
60
71
60
143
49
183
51
80
28
54
3
44
38
72
40
39
58
93
51
85
23
97
49
74
44
60
40
8
56
225
26
21
25
50
54
56
11
42
13
100
59
8
22
249
19
73
54
58
4
193
45
84
7
51
14
240
34
233
34
17
55
62
2
67
59
49
54
70
44
81
34
128
33
103
1
77
52
21
14
94
32
65
26
11
59
60
1
84
39
248
51
72
12
73
49
55
36
181
42
61
9
205
40
4
55
86
46
69
49
34
17
44
51
61
57
61
54
76
21
70
49
25
25
69
35
188
2
199
20
145
30
22
38
8
26
3
59
103
38
55
9
102
48
209
48
59
50
74
60
131
6
89
20
82
40
106
41
40
26
60
1
13
54
68
28
42
30
27
36
150
15
51
42
170
99
48
84
91
42
38
29
60
43
171
55
44
9
52
97
6
57
43
13
54
40
16
100
143
31
29
51
214
48
82
44
246
35
25
3
200
29
26
44
35
88
20
23
119
24
51
12
33
31
26
51
182
77
5
45
44
29
96
8
50
76
230
5
91
57
41
17
63
52
82
41
19
17
91
15
33
27
69
85
67
53
84
30
147
34
36
26
233
20
59
40
144
95
96
92
85
21
13
31
21
16
28
98
21
56
204
60
92
73
87
33
87
41
18
39
248
35
174
83
232
34
129
11
44
76
77
19
68
91
33
31
87
28
39
16
104
13
35
10
93
54
99
57
53
59
66
7
20
7
39
32
98
52
72
22
66
58
130
4
77
85
100
43
16
70
86
5
45
56
99
41
28
20
32
4
123
39
40
44
54
54
77
3
77
97
53
29
103
64
18
5
143
41
106
83
23
14
69
54
41
94
87
14
85
73
96
6
89
74
81
32
212
60
67
54
23
75
59
33
43
33
180
45
70
71
74
1
19
21
30
28
91
96
55
58
26
43
191
23
7
100
98
10
1
66
88
36
12
51
29
86
16
9
86
5
42
15
4
59
112
58
59
22
15
98
35
58
22
6
37
64
91
19
232
44
94
50
69
17
175
62
31
25
27
9
159
53
123
99
49
97
86
100
133
47
121
40
150
35
49
67
59
47
121
4
84
58
72
60
80
99
71
4
44
2
80
24
10
31
72
45
37
73
83
21
37
4
63
16
169
34
181
32
71
16
52
53
53
79
89
42
80
28
35
52
77
58
37
52
87
44
223
1
38
38
66
41
57
30
7
30
75
85
17
1
122
29
27
13
88
99
18
84
31
40
88
27
99
29
132
43
91
41
96
3
235
55
83
30
81
77
16
92
67
55
70
47
100
5
100
40
109
28
99
37
75
63
74
53
36
39
72
6
7
2
74
65
33
96
87
10
6
27
67
37
27
64
74
70
139
24
92
41
198
7
4
2
66
78
61
15
3
12
97
60
72
34
17
8
10
36
16
59
94
8
193
12
89
86
96
8
18
48
82
43
3
45
49
25
80
2
10
13
10
59
41
64
40
48
76
30
80
75
40
2
122
47
84
87
47
22
27
39
86
8
90
26
50
55
225
59
180
14
22
23
22
59
91
5
54
52
66
2
91
40
124
98
83
35
7
26
138
47
54
14
93
20
94
74
65
37
182
1
83
39
20
75
81
100
177
4
19
58
231
71
6
36
40
18
17
86
79
13
86
48
85
85
53
30
11
22
98
34
73
4
219
9
42
38
50
24
79
18
43
8
19
36
228
29
46
31
42
4
83
34
172
9
23
4
74
6
23
48
96
15
153
48
97
5
76
26
53
49
73
29
52
23
219
37
73
47
99
43
48
78
219
26
200
60
14
23
2
18
51
36
20
50
119
51
13
45
10
12
195
54
42
38
65
23
146
1
36
30
39
44
13
2
95
17
28
1
163
39
2
22
248
58
49
9
62
50
32
29
89
32
19
9
234
29
79
17
201
3
24
36
197
32
87
67
28
36
44
15
61
90
94
36
27
50
213
90
54
37
70
24
68
16
45
21
26
26
140
25
163
47
50
9
18
32
19
41
88
31
22
3
40
23
96
46
7
50
84
8
83
67
59
86
92
46
163
9
92
54
22
22
5
38
1
33
56
2
48
7
46
15
2
48
12
2
82
24
79
19
83
52
241
31
34
34
3
14
53
37
6
28
71
50
119
20
96
36
21
60
7
23
171
58
69
24
12
45
127
39
245
13
44
13
34
42
66
17
184
8
62
49
47
17
15
56
126
37
61
35
234
10
4
3
79
41
49
60
6
28
21
37
7
57
51
53
35
27
5
59
169
13
5
5
37
16
12
27
233
14
2
36
1
6
190
5
43
15
46
20
64
60
71
55
74
33
234
18
116
40
46
58
74
45
55
2
17
55
56
6
1
56
148
95
79
55
44
19
163
23
2
46
13
24
28
26
31
10
1
47
21
20
58
8
1
41
70
10
15
10
70
24
16
56
74
54
178
50
17
3
227
13
23
77
101
43
60
5
226
19
56
58
19
52
49
30
80
29
71
20
48
4
235
3
106
34
123
28
164
43
76
1
11
54
28
36
16
13
14
15
5
26
7
26
31
12
39
12
33
87
76
56
18
8
193
10
3
33
91
22
48
15
12
17
85
50
90
23
81
33
22
41
14
23
141
37
101
41
153
26
3
34
94
24
8
59
84
51
56
36
147
35
39
18
2
59
21
32
42
28
113
24
67
34
13
26
165
46
69
84
161
77
37
56
202
55
164
37
7
56
86
25
43
70
60
48
189
87
13
70
157
23
123
31
65
97
250
69
47
82
55
28
81
52
93
26
28
28
3
23
66
26
21
95
43
82
90
34
91
49
104
19
96
23
90
5
120
7
191
35
12
43
32
34
194
2
93
2
173
23
15
69
50
64
83
68
26
40
246
73
31
11
43
94
47
60
134
19
3
71
45
65
45
90
54
26
38
82
72
10
54
80
84
41
6
2
83
49
189
47
55
59
64
5
26
52
95
82
75
32
29
39
14
6
31
20
35
95
95
73
18
60
22
7
14
97
10
12
42
60
22
9
240
7
192
11
68
79
59
51
145
41
43
39
57
1
5
28
80
33
128
24
232
57
35
43
197
6
52
33
43
38
23
81
87
51
145
3
27
30
79
2
77
40
72
15
29
61
1
97
70
60
18
78
9
43
22
13
42
8
46
29
75
96
91
3
41
33
70
13
35
34
127
58
16
22
10
77
25
61
15
25
26
59
48
86
14
74
60
81
57
76
74
4
48
21
19
54
4
34
9
46
3
56
12
58
41
14
88
13
53
57
100
11
208
42
237
49
11
45
176
17
51
43
31
10
87
1
65
11
91
46
3
50
4
32
85
2
96
25
52
43
109
52
63
38
68
43
56
60
25
17
47
35
59
43
42
23
84
14
60
17
176
40
245
53
186
53
6
48
2
8
143
31
52
79
65
52
43
14
57
73
139
8
43
28
48
64
94
35
140
46
79
17
87
49
81
30
16
48
91
73
89
23
4
33
70
47
203
25
75
54
89
16
1
8
59
10
95
12
65
56
80
15
22
45
49
36
62
94
72
11
92
58
60
55
223
54
67
32
11
40
85
57
73
5
191
7
239
35
34
58
132
52
17
65
227
24
202
7
186
91
50
11
61
85
166
55
86
14
27
35
45
28
77
45
239
25
84
45
11
55
77
35
50
90
22
75
211
98
14
4
32
31
23
29
148
6
27
58
93
48
118
89
46
49
5
78
88
3
43
43
80
56
88
20
129
16
39
23
95
2
83
46
99
24
32
34
69
43
181
41
33
11
45
36
91
59
61
35
80
40
65
17
46
13
19
37
61
32
96
12
61
17
41
97
94
82
57
48
28
72
102
12
94
5
72
45
46
17
26
50
47
13
23
34
43
34
24
19
188
43
48
8
96
13
75
55
189
3
97
89
82
49
222
37
100
5
230
52
85
46
53
18
10
57
188
78
158
18
202
25
197
10
133
49
10
88
161
12
24
20
1
44
46
17
67
45
189
90
46
59
45
14
173
32
67
30
205
38
92
78
60
9
90
17
6
37
179
44
21
5
72
51
82
21
82
1
228
42
54
69
25
42
241
68
94
5
96
67
30
20
68
42
92
30
174
12
199
9
10
47
96
52
179
35
250
67
26
67
159
45
208
73
239
57
51
95
21
32
9
55
57
12
64
10
75
56
10
9
62
2
195
8
90
54
188
34
100
15
23
22
57
62
65
23
17
33
96
59
75
52
48
22
244
55
94
14
37
92
66
28
4
58
231
11
186
15
10
12
44
42
75
38
186
24
47
79
56
59
208
56
58
44
176
51
79
23
92
37
223
22
38
14
31
19
62
28
75
22
149
5
64
20
28
54
199
30
99
14
54
29
70
15
75
43
19
49
69
90
38
18
47
28
3
59
98
21
149
12
72
16
87
29
75
40
220
2
39
7
3
50
6
73
15
16
84
56
95
36
72
18
26
26
97
39
100
27
97
7
48
58
124
22
64
24
72
52
90
14
29
47
87
44
27
21
83
34
47
8
174
4
48
26
28
35
3
45
168
54
95
34
47
24
100
5
33
27
18
62
203
40
119
52
169
31
70
58
220
40
45
59
205
51
69
49
39
63
165
1
79
26
12
57
91
21
113
30
60
14
1
27
6
9
59
28
45
97
15
47
66
10
1
60
86
54
37
38
5
51
139
29
59
27
4
32
96
8
247
49
188
28
2
13
137
67
221
11
24
4
29
26
29
51
65
39
62
29
80
40
46
15
68
59
88
14
22
11
78
49
58
17
52
55
29
24
81
60
49
4
80
14
129
55
209
15
170
50
36
44
21
2
108
42
85
24
178
25
32
2
49
29
76
59
16
40
32
3
53
56
158
55
58
14
60
25
84
2
218
54
59
43
57
15
89
21
35
28
236
27
197
22
43
10
44
15
24
21
98
1
213
24
39
30
84
53
167
67
34
8
99
1
29
60
13
66
22
86
16
47
59
45
63
11
8
24
154
43
50
49
51
33
86
12
67
50
20
46
66
1
8
45
43
90
45
44
99
93
87
13
97
48
87
8
148
22
41
49
229
5
95
12
60
30
217
63
43
95
55
89
35
21
49
96
64
10
43
37
139
39
79
51
95
18
62
39
40
66
50
3
62
58
188
16
207
21
124
32
244
22
64
96
45
93
94
23
245
50
44
7
57
100
39
89
49
86
76
11
163
53
64
11
23
38
71
61
89
21
23
39
98
56
4
22
218
22
167
47
15
25
46
56
25
42
16
66
141
37
90
73
130
38
74
53
43
70
10
36
238
7
73
86
143
17
207
76
72
49
67
30
43
52
9
19
18
23
90
35
18
8
98
54
46
90
78
12
81
62
20
23
92
58
228
32
62
84
16
9
52
15
86
48
72
50
21
74
7
22
66
3
20
80
99
9
225
14
98
98
52
59
77
55
36
27
7
5
197
3
23
42
25
29
84
50
17
1
99
9
71
56
21
33
12
97
100
34
39
10
18
7
24
9
62
11
163
46
56
17
110
3
67
16
15
56
214
28
73
2
87
73
162
95
12
59
143
25
83
50
67
57
73
39
24
28
13
38
35
1
75
44
151
30
200
22
134
88
76
45
63
18
95
20
98
41
1
11
11
36
73
11
63
14
60
86
83
14
62
89
5
11
93
14
26
32
95
53
49
91
37
37
44
69
57
1
120
13
18
24
175
31
53
70
33
82
90
27
161
41
18
19
24
23
240
1
21
20
39
26
132
51
50
53
18
10
16
24
1
90
34
48
5
48
24
53
51
12
15
58
214
67
154
83
33
45
20
19
110
3
246
3
78
59
58
6
28
85
74
11
85
16
231
56
68
13
65
16
55
6
40
27
25
3
165
25
24
72
86
48
56
24
37
93
71
64
28
45
98
59
168
17
101
77
100
95
68
38
6
57
83
37
73
86
215
32
7
42
50
4
14
5
101
17
66
72
217
7
51
29
176
43
20
34
89
37
62
12
49
97
73
30
22
96
161
32
199
98
40
84
75
44
209
85
23
20
100
28
84
59
6
43
97
64
159
39
40
22
99
28
71
5
177
81
24
8
46
18
84
21
227
22
47
5
142
50
57
24
21
40
153
28
69
13
241
8
45
24
60
42
29
35
16
96
95
48
58
12
139
50
182
5
2
8
86
39
84
45
50
47
100
80
97
12
104
43
204
50
174
58
245
40
99
28
167
27
66
39
50
16
13
10
81
37
150
17
34
21
20
57
96
24
6
53
95
2
65
55
88
31
194
49
75
12
6
48
182
41
98
42
189
44
119
31
44
24
68
41
54
46
38
8
31
73
23
51
65
99
239
53
209
46
52
8
91
54
85
53
60
63
5
7
155
6
12
6
86
36
1
36
200
4
74
1
8
40
15
10
35
85
31
40
37
58
249
44
62
91
124
100
4
41
71
98
80
60
148
46
58
8
119
21
32
48
170
43
174
20
212
53
160
2
164
59
30
33
19
53
156
1
45
14
46
33
120
8
57
36
31
59
97
15
246
33
29
98
2
30
36
14
67
17
9
1
13
43
23
12
165
11
153
13
36
25
10
28
193
42
132
48
106
55
62
6
124
57
92
7
91
48
85
49
66
37
11
59
46
29
125
15
13
8
11
49
39
38
111
2
237
18
150
26
58
21
56
15
46
18
17
39
43
15
167
10
2
56
94
42
180
16
171
10
7
37
27
29
95
41
40
2
5
75
95
44
136
40
74
54
219
25
44
60
55
57
120
3
137
21
6
4
66
54
29
5
68
16
94
57
30
2
183
12
62
3
91
93
223
42
27
42
44
52
180
53
93
59
22
45
169
39
7
19
45
70
153
3
71
52
82
8
73
55
214
35
19
2
81
11
103
87
76
44
8
47
51
97
210
60
40
33
89
3
15
26
11
52
219
22
58
27
13
19
172
59
33
21
2
35
247
26
24
36
241
46
146
36
84
32
8
28
200
2
68
36
49
7
39
17
63
18
71
50
147
42
61
92
19
16
20
11
89
49
13
15
72
2
31
38
163
32
29
59
18
51
223
83
26
56
83
9
79
34
29
44
82
7
61
38
88
22
38
23
36
29
150
38
198
24
34
5
32
34
201
45
59
41
180
19
3
29
227
60
25
27
36
12
73
39
14
54
80
43
50
15
84
14
81
56
64
50
89
2
92
14
99
2
68
21
57
26
35
60
55
24
159
40
47
45
22
94
175
80
83
20
116
29
27
66
18
11
21
75
89
48
209
42
51
27
47
28
32
34
94
10
77
90
45
89
27
61
48
40
73
78
90
47
142
49
34
22
235
5
61
15
230
58
67
70
2
12
89
45
41
27
62
81
50
55
40
72
33
60
89
10
59
3
95
7
30
87
40
17
89
40
43
54
45
39
157
44
24
99
103
15
16
9
69
83
31
9
229
82
64
82
41
26
90
84
204
6
112
49
33
10
1
24
67
55
67
71
54
35
77
69
202
17
78
96
80
95
47
7
62
3
91
12
186
90
59
22
54
35
23
6
4
10
56
21
19
86
100
54
75
59
15
8
136
84
120
19
6
30
54
86
106
81
33
32
41
73
64
22
46
20
114
12
22
4
41
5
164
64
45
6
21
35
63
48
244
55
43
92
47
11
57
13
23
24
37
22
61
38
76
52
25
50
72
83
80
24
83
2
67
64
237
52
216
22
159
1
35
35
51
49
52
9
42
39
94
10
43
70
69
40
211
35
39
22
14
57
152
93
133
83
98
6
90
20
19
30
114
54
159
22
55
87
169
9
10
18
60
37
51
37
50
28
21
22
76
26
87
55
28
96
156
40
38
27
27
54
76
49
80
88
239
27
90
17
54
65
42
50
47
45
80
7
82
47
21
25
46
20
34
40
237
48
55
48
91
3
180
8
142
56
89
91
65
46
193
9
91
29
52
40
195
16
40
82
51
6
91
24
5
9
233
76
38
24
6
56
229
52
240
6
91
2
62
40
4
13
220
29
6
15
70
1
214
38
29
24
99
69
77
57
24
58
94
56
51
41
39
52
48
26
35
28
228
62
98
16
14
9
49
49
5
10
231
23
250
17
153
69
38
56
75
85
54
40
21
20
113
29
86
49
70
55
229
100
237
38
49
19
75
52
35
53
39
37
21
28
29
99
52
14
195
53
28
4
143
51
4
83
95
39
86
22
167
23
165
26
68
11
4
37
82
89
32
14
41
9
67
17
100
93
40
12
36
18
8
20
148
55
219
30
53
42
235
5
14
15
41
76
77
61
83
51
80
17
19
56
67
58
64
53
49
6
143
30
65
37
8
19
165
3
89
32
226
12
114
12
2
94
77
4
86
6
42
72
7
55
210
54
33
23
57
35
63
52
96
14
21
14
163
60
82
78
13
45
90
10
91
26
24
3
59
11
48
48
49
83
129
28
81
17
48
58
145
3
35
18
72
25
62
14
206
38
7
82
73
45
87
78
142
60
47
32
69
30
80
44
80
8
186
79
46
22
20
35
63
4
67
52
192
38
89
22
93
38
173
38
80
94
205
46
183
1
82
18
52
68
41
24
143
50
62
5
92
13
37
16
75
21
182
58
68
34
2
53
49
44
221
21
1
40
7
95
88
16
14
28
145
11
61
13
60
63
47
15
71
18
85
43
172
1
2
6
26
4
225
24
95
1
29
74
146
19
84
54
91
55
34
1
241
26
22
17
31
24
83
55
83
5
96
60
98
59
28
39
100
60
192
24
21
52
81
7
17
12
98
100
44
3
28
2
27
29
19
18
51
39
46
2
4
30
68
97
52
88
33
1
97
57
181
33
99
4
99
16
58
40
9
49
29
23
57
27
3
39
82
35
95
25
12
27
117
45
35
53
43
5
11
63
34
85
209
79
12
35
111
53
87
24
70
33
90
10
49
17
171
6
19
25
156
40
50
29
28
51
144
18
67
28
102
33
99
55
19
43
14
14
96
54
40
47
105
97
73
32
48
38
9
12
17
46
42
18
17
38
25
29
43
50
63
46
66
34
80
36
84
48
8
8
37
30
35
32
98
29
65
33
35
52
65
31
187
55
20
49
168
45
19
47
188
13
30
28
14
38
2
1
51
5
56
50
209
53
85
16
72
39
39
60
52
27
90
35
11
87
61
48
27
15
110
4
73
24
227
21
167
38
241
6
26
37
18
45
42
6
2
69
8
36
20
8
14
24
98
28
199
24
34
88
23
12
129
20
14
29
46
21
224
2
63
9
94
53
48
47
30
40
13
5
35
44
78
52
20
31
94
29
24
21
14
29
15
46
5
11
44
4
17
12
157
44
153
13
48
37
137
10
64
34
53
18
109
5
59
52
94
37
88
36
199
49
73
15
7
45
61
10
46
58
89
58
127
7
63
12
72
31
245
49
67
42
21
21
77
10
97
2
167
38
67
20
90
12
86
47
57
4
98
19
71
8
95
37
144
54
36
47
80
48
89
32
79
48
5
41
