17
19
32
1
159
95
71
77
240
11
40
24
240
45
42
32
72
67
73
49
164
42
27
24
10
7
18
52
164
70
55
32
53
34
25
10
87
28
74
12
110
35
97
86
47
38
31
46
55
80
85
93
68
40
36
4
43
30
147
56
10
95
127
45
70
33
99
25
9
78
88
32
28
64
233
15
96
9
155
49
88
27
77
59
61
23
190
14
96
31
18
5
133
45
234
88
143
87
3
49
41
51
78
39
42
81
66
9
91
18
113
54
61
88
39
97
59
67
20
5
53
30
67
13
96
75
22
56
65
25
108
76
26
72
84
37
68
92
18
94
82
47
59
36
101
25
60
17
60
6
105
35
16
26
25
27
85
54
30
49
196
92
65
42
25
78
61
44
144
67
29
52
206
41
11
73
58
8
32
30
137
41
11
99
172
51
93
7
196
82
90
27
122
18
112
20
128
98
87
22
162
16
73
84
88
1
92
17
156
57
34
16
118
56
212
41
35
47
23
53
78
65
108
33
100
12
100
28
65
58
29
22
151
77
24
46
16
10
107
42
52
27
201
24
82
4
89
19
57
4
29
12
25
35
123
94
30
48
92
53
39
74
229
58
25
61
84
14
6
49
27
34
124
20
179
7
223
30
51
6
8
36
60
87
98
9
155
36
90
49
31
32
4
83
123
79
245
60
93
7
62
55
11
57
6
32
30
25
83
37
165
45
244
35
201
33
109
29
21
92
75
95
84
21
26
53
16
36
165
58
90
4
4
46
35
7
18
9
73
28
238
43
96
21
68
43
81
11
16
60
76
37
167
67
85
29
81
17
7
54
9
10
221
5
79
50
52
51
76
3
15
69
53
25
2
12
62
45
72
44
46
51
22
24
92
15
25
52
13
94
94
45
205
34
83
36
30
22
24
23
106
87
55
36
174
60
22
37
85
27
36
74
102
48
3
50
69
60
35
91
75
59
23
43
30
51
111
20
25
6
60
26
20
53
61
60
38
15
68
21
7
30
20
13
96
40
89
28
60
58
63
4
80
19
9
100
24
6
59
11
44
9
119
25
86
90
69
28
61
80
44
11
72
79
23
78
38
56
36
40
29
13
90
6
53
21
58
72
36
43
115
20
93
4
57
28
30
49
65
12
100
89
42
47
80
59
75
88
45
92
95
100
15
57
131
36
61
100
28
21
95
54
63
98
74
29
234
26
49
25
175
81
132
36
79
40
99
50
63
49
55
7
48
96
52
5
93
18
89
8
18
31
91
13
111
98
6
5
76
49
206
39
222
9
10
45
79
39
95
45
68
6
44
15
54
53
82
43
26
27
129
16
90
43
77
60
188
45
61
52
8
1
28
36
27
71
48
45
37
37
63
43
42
54
146
6
58
33
21
21
91
42
51
6
51
62
125
28
72
5
94
53
2
39
82
13
166
27
82
58
33
1
233
22
39
27
216
52
212
51
46
49
8
17
75
22
45
49
67
54
25
50
68
39
71
37
174
30
6
24
35
26
85
92
68
47
41
60
73
23
86
21
27
28
42
45
83
86
81
10
27
54
216
37
90
5
5
94
1
29
34
8
235
52
49
25
117
17
7
36
140
43
55
65
38
33
18
25
225
8
248
9
177
42
7
54
54
19
99
31
94
8
96
13
11
30
32
50
18
55
229
33
93
60
10
44
150
29
40
31
93
37
76
31
111
11
63
38
98
55
58
8
36
52
20
1
56
38
127
25
158
16
54
45
78
36
1
21
85
16
187
82
13
38
151
50
70
32
196
54
36
47
100
59
85
28
152
22
14
31
52
57
223
19
184
80
12
24
34
49
54
1
33
8
33
9
88
5
60
29
84
17
184
21
12
27
6
35
94
58
47
16
8
7
70
6
98
40
38
77
44
67
27
15
25
34
43
52
17
11
29
55
89
4
3
54
34
30
109
36
8
49
47
36
59
57
90
34
22
47
94
99
6
49
38
50
194
20
32
10
14
17
71
53
55
58
3
13
32
58
33
50
43
45
41
51
35
26
224
20
66
47
75
35
53
12
29
17
48
43
247
38
65
17
38
20
95
10
10
44
32
15
12
49
78
60
172
46
133
6
84
37
84
57
106
50
140
46
107
33
32
43
62
60
164
83
23
23
61
23
190
53
186
33
171
52
54
58
61
43
7
20
224
50
78
15
239
51
71
11
203
32
69
58
2
42
100
9
7
10
84
48
9
31
86
28
33
18
12
24
40
30
17
14
32
12
92
3
41
40
66
38
71
23
127
25
238
37
16
10
200
17
16
4
212
10
62
85
58
68
203
48
91
7
47
5
57
70
31
58
87
56
206
48
63
20
30
72
51
46
24
50
35
90
64
83
58
56
80
50
152
43
101
71
231
36
72
50
30
16
153
26
96
20
7
42
6
32
16
50
63
52
18
30
14
2
126
88
245
53
14
28
66
9
15
63
19
34
1
26
102
23
238
24
77
70
34
93
50
82
92
32
94
62
2
70
95
60
33
30
59
62
44
59
97
12
6
28
73
21
130
71
49
47
68
57
93
56
24
87
242
92
42
96
164
13
63
3
51
2
85
100
45
26
90
36
40
3
3
15
219
64
96
55
23
60
66
33
95
3
37
74
182
33
42
33
85
13
100
72
56
61
38
5
74
8
227
38
77
76
28
15
88
75
121
7
27
72
50
6
136
74
96
44
61
58
105
24
34
80
27
37
36
52
84
17
124
48
61
12
24
58
2
23
96
57
40
23
80
39
137
45
143
5
90
28
45
20
43
41
246
20
93
92
228
76
27
43
34
76
16
66
124
35
58
18
7
50
134
48
39
94
34
48
95
10
94
79
211
39
62
8
61
10
75
47
86
28
40
59
53
10
101
25
107
18
29
37
38
40
73
1
6
80
61
53
87
50
244
5
42
25
1
23
50
80
18
65
1
44
176
38
32
8
66
76
67
53
9
33
88
36
159
62
62
26
84
6
9
66
181
35
54
20
27
58
2
17
108
10
44
18
3
17
65
40
66
92
35
23
178
52
183
10
130
10
34
23
87
10
6
13
45
54
44
26
47
84
90
34
228
10
110
43
29
87
32
23
24
64
192
48
36
51
47
17
203
88
173
22
47
18
98
93
144
9
8
4
47
40
15
11
133
61
74
54
55
9
58
57
95
33
51
38
4
7
7
9
17
37
28
71
48
13
30
76
27
34
187
12
55
63
75
34
67
64
55
38
212
7
88
19
58
30
5
53
78
26
17
86
68
32
186
97
4
47
44
65
161
25
214
13
55
17
28
12
23
19
87
30
33
82
90
90
33
56
232
87
36
18
49
94
41
3
9
9
123
35
194
67
92
55
22
42
18
27
140
24
28
94
25
34
221
19
4
86
42
12
26
63
234
57
7
36
17
60
10
30
96
3
19
38
16
15
85
31
42
84
232
78
96
36
95
13
10
12
27
34
12
76
27
9
79
39
77
57
34
5
66
50
51
48
96
55
26
40
79
18
85
17
57
39
36
15
90
51
123
2
83
13
55
14
72
34
69
50
85
15
62
21
245
22
89
5
97
71
119
78
240
29
10
44
8
2
74
9
92
16
32
16
78
23
185
30
96
23
60
1
34
31
71
37
72
4
39
83
1
87
37
66
16
36
30
34
91
13
238
5
248
50
7
9
244
4
16
87
42
25
14
2
199
60
30
28
95
34
90
77
86
59
34
15
129
38
25
23
91
38
95
25
43
6
125
7
38
40
32
20
100
34
95
3
211
54
241
9
29
39
3
33
225
37
193
29
66
23
35
18
97
81
40
15
76
25
41
40
111
27
44
34
30
80
25
23
87
68
114
42
150
25
67
18
39
72
96
8
15
60
98
34
36
31
91
54
35
40
38
69
51
55
29
7
1
1
69
60
151
21
72
5
226
18
39
21
72
34
67
23
106
5
56
43
27
6
6
39
81
62
88
94
82
5
117
46
222
16
33
20
33
11
96
28
91
36
213
17
75
5
39
70
13
47
50
13
98
20
52
47
38
60
100
37
61
37
20
28
205
2
72
89
55
38
4
33
124
11
65
22
99
28
81
71
58
23
37
50
23
1
65
17
72
24
16
51
76
34
161
79
55
37
19
27
80
34
96
50
61
10
13
73
60
8
176
30
81
55
16
14
20
8
134
19
221
54
212
40
76
47
16
53
39
50
219
6
126
13
227
12
35
57
38
32
137
47
6
38
64
44
199
1
69
57
128
13
142
42
81
34
55
14
22
51
5
20
137
54
37
59
51
3
36
31
96
39
238
51
52
55
55
40
161
29
74
31
67
21
99
37
120
10
78
50
88
41
26
24
210
56
90
25
31
42
25
4
52
56
170
9
61
7
4
3
65
3
42
40
45
40
82
17
96
27
48
40
222
22
33
31
59
44
7
34
28
13
48
54
199
7
174
24
240
17
23
40
159
24
133
52
171
29
39
20
83
15
99
2
95
27
138
5
74
26
208
47
91
26
55
34
10
59
66
15
90
27
38
8
80
59
96
35
54
39
67
36
5
60
102
15
14
2
65
57
60
7
67
30
88
76
112
35
72
12
45
28
236
38
30
92
52
14
248
33
3
36
81
31
17
94
15
43
112
89
116
9
34
14
187
41
10
3
9
51
21
9
223
96
72
43
133
3
75
32
3
99
42
8
91
11
50
67
11
3
30
20
38
46
56
55
74
44
99
11
8
80
80
49
31
13
6
70
64
13
90
38
240
31
92
95
121
16
44
35
149
88
91
70
12
75
74
24
244
99
79
2
40
43
23
80
54
48
42
79
186
23
22
14
38
62
196
66
57
89
42
91
205
15
79
24
236
97
71
23
60
13
110
11
206
10
36
13
72
35
88
35
6
31
91
53
11
74
19
38
237
65
37
15
63
26
28
44
49
60
26
24
85
13
90
12
25
22
99
13
1
76
22
19
43
35
208
57
65
96
38
53
15
7
1
43
82
55
79
7
32
11
8
29
2
59
1
10
19
17
1
12
16
35
65
95
19
30
87
53
99
23
13
85
42
95
83
93
98
8
38
90
40
60
108
4
85
58
40
86
190
41
242
27
144
89
72
59
9
18
184
47
26
27
76
57
180
5
12
64
24
50
229
53
11
32
6
27
86
43
49
39
115
52
97
20
6
4
19
37
235
70
70
69
56
66
182
63
159
32
210
17
44
25
94
47
65
39
33
80
28
5
55
2
27
1
128
14
192
8
51
11
44
91
44
2
45
8
74
54
30
6
11
2
235
28
39
11
15
84
203
82
19
33
15
35
63
57
116
66
201
55
99
30
34
10
29
37
100
59
25
12
77
28
45
45
55
14
80
2
16
17
61
18
40
35
26
36
7
39
110
53
69
5
42
54
43
42
38
33
180
44
90
38
3
81
83
87
25
40
54
7
134
90
25
47
48
94
75
83
59
88
78
18
40
85
35
17
44
15
37
17
95
59
69
19
9
28
77
31
239
9
34
4
23
28
28
61
65
24
8
52
230
51
82
23
32
36
78
10
87
32
28
30
94
19
64
14
8
34
55
80
6
54
100
91
130
23
24
61
43
12
187
14
7
91
213
52
165
36
53
90
91
4
50
27
49
38
246
34
246
32
38
27
11
22
29
42
55
54
73
33
237
65
3
78
24
65
89
45
98
32
26
37
14
58
133
27
46
6
88
76
15
66
101
12
12
35
45
14
82
7
111
48
95
45
99
68
100
23
88
1
17
28
28
1
26
24
8
3
76
95
45
60
30
53
72
89
77
25
45
55
42
47
35
11
208
47
92
46
55
27
100
16
150
79
74
53
130
42
99
15
79
29
74
20
98
35
46
32
82
42
137
18
94
14
144
11
34
37
232
17
209
11
220
54
43
6
54
55
64
35
203
68
229
47
34
88
5
79
48
50
123
40
46
68
207
57
216
36
48
29
91
53
50
5
21
10
21
90
50
3
19
35
85
96
58
4
29
95
17
10
97
37
182
10
89
32
75
42
95
61
11
34
16
35
89
50
79
45
17
8
43
60
52
53
17
27
14
95
77
4
75
46
100
59
110
43
81
33
69
53
88
55
25
32
100
52
183
31
21
22
172
66
10
44
227
39
223
5
15
9
3
55
4
33
97
33
70
58
64
1
20
44
49
38
3
12
47
19
42
86
59
52
176
27
32
43
84
45
61
4
85
32
90
99
67
49
6
74
53
20
175
52
73
10
60
7
235
46
7
42
89
46
174
3
33
26
11
48
82
64
38
54
119
36
38
37
202
23
32
35
18
50
84
26
169
22
96
51
81
59
16
23
100
25
21
54
50
31
58
21
68
21
128
22
2
1
91
56
95
40
79
15
53
52
80
29
56
25
5
20
51
36
62
16
175
18
14
64
5
41
227
45
12
15
68
25
18
50
68
21
56
22
22
19
60
5
154
56
70
46
56
47
201
18
1
13
89
7
80
1
128
37
99
42
67
25
84
32
202
40
34
49
65
30
69
26
198
7
61
26
89
19
52
23
91
14
58
60
134
35
90
54
38
36
96
37
46
43
190
14
15
60
73
27
52
15
43
59
94
11
26
28
77
24
78
53
80
25
95
16
92
14
105
12
34
55
77
31
55
37
33
40
48
7
10
7
59
25
34
58
124
41
93
44
35
16
17
22
26
54
71
11
114
20
51
23
157
35
47
46
99
10
19
94
218
57
59
10
167
36
67
2
95
15
56
24
64
16
171
2
208
46
238
46
55
58
75
35
88
28
16
8
39
44
38
17
74
11
35
18
86
17
167
3
1
16
54
14
178
39
24
26
26
2
185
22
116
89
15
48
75
22
3
45
175
56
47
92
116
38
14
57
18
45
53
76
182
57
225
33
44
36
7
15
96
70
44
39
36
50
10
83
3
73
209
98
93
51
86
21
28
71
6
75
26
48
76
56
54
99
70
57
59
30
30
18
194
69
93
23
137
44
121
47
49
18
87
16
65
19
214
38
55
22
15
68
211
69
69
42
173
17
3
54
18
47
1
16
30
45
92
21
14
30
34
90
48
7
51
45
39
72
23
59
93
21
66
14
62
91
50
70
182
49
21
92
94
52
56
13
53
64
143
99
95
94
41
12
35
24
81
29
83
26
74
70
245
27
229
99
209
48
64
12
78
34
94
12
63
49
210
3
62
51
184
74
110
32
49
4
89
42
8
69
39
34
5
67
39
95
44
73
65
23
226
65
95
46
61
79
71
77
81
8
10
5
44
59
8
36
18
53
29
61
217
26
154
25
187
100
68
14
17
18
64
90
60
49
156
43
246
16
14
46
7
32
62
50
213
16
122
16
2
8
177
31
25
28
53
15
82
58
118
47
18
10
226
12
84
2
4
89
24
1
43
6
202
55
80
32
139
12
38
53
41
28
14
11
201
34
34
57
79
92
13
60
5
34
30
1
6
48
73
20
114
28
63
26
69
27
49
55
69
21
66
4
15
25
7
1
70
8
97
13
31
60
205
60
31
9
57
37
65
88
15
71
7
29
243
57
150
6
92
55
97
16
159
81
55
28
79
18
206
15
22
38
88
46
60
36
3
96
101
29
44
47
61
78
231
8
84
58
57
10
31
31
155
55
203
73
38
23
38
1
81
24
82
92
168
56
51
39
69
43
47
1
1
16
36
51
17
59
33
26
54
32
122
35
42
41
50
60
89
19
92
15
30
13
16
89
63
97
73
42
25
17
63
41
68
57
10
65
44
9
48
51
148
12
69
20
142
73
93
5
93
28
71
91
9
3
98
34
32
99
5
1
30
11
73
3
158
31
16
10
43
11
183
46
199
10
51
28
121
35
214
79
67
8
21
42
80
80
121
77
200
33
95
52
84
54
61
23
17
14
60
18
9
18
231
4
11
33
170
52
43
56
114
16
89
58
109
34
111
87
155
61
86
31
32
39
109
59
164
9
46
48
65
31
188
33
108
23
16
5
74
39
19
58
87
60
121
50
82
19
49
66
58
4
75
41
129
7
117
18
158
98
5
51
51
70
87
22
79
42
61
32
78
24
59
29
57
1
83
50
34
58
57
5
87
1
4
40
1
34
101
56
43
16
142
22
164
10
44
41
85
72
94
57
63
54
92
53
80
47
32
57
76
8
174
32
85
58
77
44
165
10
78
30
91
47
8
26
69
67
65
64
21
5
18
38
214
10
128
12
171
39
80
19
91
30
94
13
59
47
92
23
72
45
26
36
60
30
140
6
50
4
38
38
45
63
58
8
79
20
38
9
49
22
107
23
91
18
61
64
64
31
30
14
95
74
84
14
63
15
7
16
88
8
52
36
66
46
32
20
205
29
92
17
90
13
89
56
84
78
7
27
21
4
133
52
235
40
62
33
19
60
26
23
190
39
22
18
189
33
14
83
14
47
43
1
211
22
25
22
17
38
100
6
166
35
56
17
114
16
43
29
72
28
22
98
243
18
29
9
3
2
236
61
23
34
111
44
83
47
1
16
56
5
25
38
27
44
244
44
23
57
216
60
68
29
42
57
92
53
37
31
19
60
79
50
27
4
70
51
233
1
198
17
56
42
15
18
61
48
7
42
95
60
37
10
35
23
208
27
90
39
50
68
35
1
74
23
57
59
29
3
96
41
94
16
61
39
37
3
15
3
189
24
49
50
114
54
16
38
73
2
37
7
76
4
134
40
68
55
176
14
50
38
97
19
46
39
94
23
31
46
66
50
63
53
37
23
67
83
32
48
4
39
47
35
25
37
15
45
21
29
44
36
98
54
138
33
22
53
79
4
11
66
93
66
91
55
51
21
1
20
34
15
90
18
24
10
235
10
46
35
100
7
131
17
73
31
89
24
88
24
209
37
3
43
66
49
7
52
35
76
69
27
78
50
62
44
98
32
22
2
41
42
70
41
59
22
60
12
144
7
91
37
170
50
68
25
204
58
6
38
205
15
79
48
48
3
8
53
133
23
47
2
245
54
156
23
24
5
32
32
12
10
60
35
63
6
233
35
122
58
115
46
68
43
11
55
85
52
24
15
82
31
24
48
60
36
207
22
17
36
54
48
46
25
59
47
18
6
83
20
63
22
127
73
28
51
56
10
20
17
25
21
57
9
116
37
39
90
19
20
172
11
40
34
97
33
37
29
212
34
233
26
54
44
79
66
172
49
46
51
1
11
100
3
31
64
100
5
45
9
206
41
59
57
42
49
23
87
250
97
76
56
225
5
17
17
248
28
72
89
91
51
80
43
29
12
139
7
147
25
162
28
17
82
159
12
55
55
62
42
68
54
152
99
33
95
78
12
37
15
22
43
85
39
69
7
10
39
42
37
13
65
35
2
73
83
14
64
91
79
86
40
23
91
48
7
64
53
47
70
81
68
98
56
38
10
173
21
173
4
215
26
45
66
44
25
85
92
31
29
100
98
47
74
8
28
74
69
227
21
41
69
37
99
55
79
102
42
60
34
22
29
76
20
37
4
105
51
192
21
222
88
48
100
36
52
65
56
25
45
58
53
61
91
73
86
60
22
227
29
55
11
98
51
191
16
82
84
4
26
100
24
232
16
1
6
49
25
72
21
187
17
14
61
43
54
204
97
204
38
85
37
82
59
62
11
217
17
49
72
129
56
69
3
16
5
94
63
9
67
163
41
35
60
215
46
68
20
90
50
59
35
40
29
27
76
12
88
1
53
36
62
50
29
30
8
85
3
194
41
185
48
57
16
78
30
73
1
194
57
7
26
61
57
62
63
27
2
69
39
98
38
34
54
43
57
41
20
38
45
91
47
22
14
62
12
20
56
77
19
122
76
42
55
56
59
100
48
81
8
66
46
248
73
246
61
59
23
33
53
78
16
100
30
14
36
43
56
22
11
77
16
57
63
72
84
71
44
150
10
59
54
70
25
100
1
96
3
103
37
178
23
121
31
25
21
118
53
100
10
24
38
23
44
100
42
99
63
22
48
77
33
48
54
61
11
203
4
2
16
32
79
41
53
38
8
53
59
88
10
98
47
25
17
208
8
38
31
226
32
32
84
3
21
38
65
21
3
87
52
94
36
49
62
166
3
157
90
76
64
5
35
90
16
6
41
16
23
58
65
60
93
93
32
33
9
5
11
93
68
143
3
61
91
62
40
27
24
193
24
21
57
59
50
197
30
56
92
16
49
40
52
38
10
188
6
167
69
113
24
45
58
158
28
88
51
46
4
99
60
56
42
1
97
225
34
52
24
59
28
67
46
212
39
40
43
157
49
46
22
91
57
117
50
103
17
20
53
15
78
94
89
170
37
92
59
175
5
99
10
149
31
23
44
71
1
39
6
47
42
30
37
132
50
41
21
52
48
25
84
52
44
181
11
94
38
62
39
73
14
134
87
33
25
81
18
66
35
14
5
21
18
205
76
10
4
70
21
138
36
90
45
70
34
186
31
63
15
85
19
186
60
47
3
19
20
68
92
6
32
100
52
66
27
227
28
75
64
201
22
43
11
29
37
45
36
57
46
222
39
91
10
30
31
144
32
1
32
15
35
52
7
159
56
78
35
220
17
90
36
58
5
56
95
43
50
43
41
67
12
48
53
169
81
1
33
1
45
69
17
179
54
55
39
66
71
137
10
69
41
2
43
46
47
77
31
80
51
94
13
94
30
164
2
213
21
144
57
76
47
63
48
95
31
56
55
57
42
4
46
89
8
89
42
131
51
89
27
4
8
82
35
75
53
131
3
68
86
84
34
92
37
88
76
12
32
47
33
52
46
78
50
101
38
35
17
34
23
110
92
97
9
24
50
73
3
43
3
133
17
22
30
187
39
21
53
6
55
78
42
19
15
60
32
18
38
178
23
20
16
55
55
43
44
53
61
80
11
60
44
44
18
88
24
64
1
98
43
158
12
100
11
14
11
31
18
64
20
38
45
51
45
185
45
108
9
15
38
12
46
45
52
51
28
246
37
37
24
90
85
18
39
60
31
69
25
189
17
113
39
81
56
91
72
154
58
181
23
46
59
31
13
57
51
240
90
81
55
11
51
91
49
190
35
143
53
92
2
49
58
5
17
27
39
96
8
4
43
42
33
35
57
46
49
45
15
93
45
121
10
121
40
95
55
94
34
61
56
32
56
96
8
21
53
179
3
112
45
92
25
56
8
26
34
223
25
38
57
179
36
98
12
228
34
42
28
98
8
66
5
70
23
62
25
93
56
83
14
18
25
89
2
40
48
67
3
100
34
127
16
92
41
35
5
77
4
55
5
72
39
212
25
195
13
45
8
22
46
76
59
88
45
32
8
86
36
141
1
99
26
96
37
7
42
127
44
15
58
62
15
41
4
2
35
15
26
73
44
84
13
